1000
658
115
753
868
911
774
795
95
419
247
446
948
243
274
675
63
233
802
419
403
16
955
183
7
698
727
398
14
813
14
930
285
177
519
799
650
552
671
272
670
372
538
713
165
803
716
892
394
733
749
914
358
207
341
362
651
223
116
725
810
341
437
742
706
196
534
1
422
390
839
490
765
256
455
713
513
920
201
492
136
879
355
821
418
983
283
372
90
735
368
926
531
538
561
693
292
741
349
374
758
953
691
934
933
452
604
721
301
534
880
833
501
700
254
237
82
486
697
267
170
554
803
711
22
746
952
402
860
175
390
256
417
872
591
82
613
759
864
752
276
645
179
365
512
381
673
130
395
871
843
33
750
838
834
653
859
968
439
680
254
949
417
948
21
963
595
533
564
904
660
370
14
673
237
79
732
193
621
953
681
692
657
320
192
608
96
143
397
259
66
136
444
641
362
574
58
640
346
121
528
742
37
174
508
745
557
454
110
723
843
702
920
181
388
797
903
797
829
577
386
902
906
208
733
557
929
292
598
798
332
995
442
549
699
25
305
431
152
386
898
950
724
511
923
893
349
197
425
890
304
484
935
264
174
934
843
908
477
191
854
239
667
851
715
188
353
604
334
474
72
727
374
292
39
675
761
657
613
970
294
573
247
777
683
30
93
997
370
609
350
477
743
219
856
192
878
218
405
631
214
329
996
348
842
975
438
268
914
694
654
354
27
150
939
228
97
158
25
883
487
676
655
629
882
384
992
487
606
380
486
292
267
12
305
743
564
565
916
633
64
685
488
882
875
779
367
707
597
129
306
232
795
980
230
103
833
521
288
920
547
429
701
45
678
896
982
687
673
657
664
358
732
50
965
854
737
732
367
815
70
246
173
559
689
952
764
781
667
160
210
851
971
103
507
158
614
887
721
490
4
22
535
513
907
48
512
20
28
358
359
780
591
780
833
486
688
653
414
434
76
261
926
208
519
955
277
51
352
809
538
358
372
297
298
254
689
33
4
371
273
360
839
953
436
632
511
910
441
684
937
762
380
766
851
668
805
305
693
128
91
820
354
422
213
733
679
40
802
510
51
32
742
83
205
729
217
776
168
938
403
379
592
814
957
273
480
113
3
374
182
845
813
184
892
971
427
163
820
199
831
697
228
22
88
385
822
55
535
834
297
590
763
446
144
154
273
213
939
127
220
811
868
445
127
837
185
567
335
779
280
703
824
819
673
570
574
36
215
47
425
392
365
218
522
454
521
741
728
554
729
0
165
951
112
151
113
144
231
77
210
251
69
510
131
732
962
64
73
896
254
496
250
232
309
878
906
849
150
95
404
391
942
57
942
401
161
574
37
649
893
879
922
183
737
763
764
136
900
607
986
826
813
760
359
191
235
314
491
749
11
937
747
918
613
618
146
578
348
894
1
551
267
444
223
147
136
365
738
430
908
527
690
352
336
825
757
569
371
960
239
37
746
808
654
767
818
163
537
323
578
17
717
30
116
90
482
298
233
434
829
814
577
708
302
425
743
547
56
687
899
146
63
420
976
207
935
148
431
284
418
909
762
339
557
960
974
813
970
392
785
578
556
634
605
40
389
826
853
708
480
630
677
550
635
399
382
925
232
485
918
82
894
519
809
827
321
855
724
61
409
517
865
271
326
745
163
312
547
952
335
692
925
15
701
778
658
504
216
197
797
991
843
41
553
963
372
124
272
912
883
548
702
42
139
149
194
139
303
527
930
539
462
186
165
189
888
330
740
808
76
467
697
75
156
565
367
925
68
12
730
505
908
925
475
366
399
507
875
947
758
622
485
866
774
778
924
79
23
781
972
190
91
321
197
604
75
438
511
219
824
331
452
353
310
81
571
337
991
905
687
680
768
101
23
489
639
538
27
555
913
178
448
630
864
249
47
172
687
727
645
462
41
656
300
46
456
863
242
311
842
778
925
424
400
503
298
483
487
507
320
245
211
832
145
297
838
153
553
300
769
161
531
747
142
902
468
423
466
428
969
333
924
877
256
625
834
115
612
644
450
220
160
997
561
81
528
313
874
622
719
353
860
171
687
11
573
198
577
757
368
221
858
771
462
805
643
305
89
657
956
79
526
869
39
907
213
805
867
463
163
261
396
417
224
778
953
345
999
252
218
369
429
399
473
870
455
139
75
167
883
922
901
310
648
162
331
62
453
389
108
522
78
999
988
106
278
812
543
548
670
614
703
623
357
379
981
968
336
499
299
160
22
362
336
829
973
108
737
566
680
177
291
127
160
753
727
69
451
177
349
